10	[1]
11	[1]
14	[11]
16	[12, 100, 15]
17	[10]
18	[17, 13, 12]
19	[14, 18, 17]
2	[18, 16]
20	[19, 11, 16]
21	[20]
22	[2, 17]
23	[17, 19, 18]
24	[10, 19, 20]
25	[20, 100]
26	[18, 12, 12, 23, 22]
27	[18, 23, 14]
28	[25, 100, 22]
29	[12, 15, 11, 12, 28]
3	[23, 22, 17, 14, 15]
30	[12]
31	[29, 21]
32	[3, 10]
33	[29, 14]
34	[32, 16]
35	[33, 25, 22]
36	[27, 14, 12]
37	[18, 21, 34, 19]
38	[15, 13, 21]
39	[31]
4	[31, 26, 36, 29]
40	[23, 10, 39]
41	[17, 17, 25, 40, 10]
42	[29, 3, 32, 29, 22, 4]
43	[42, 21, 20, 14]
44	[21, 100, 1, 41, 37, 12, 15]
45	[14, 1, 28, 23, 35]
46	[100, 31]
47	[27, 26, 31, 100, 19]
48	[45, 30, 31, 33]
49	[27, 17]
5	[32, 32, 35, 14, 49]
50	[30, 4, 1, 43, 100, 24, 18, 13, 5, 25]
51	[24, 10, 24, 47, 26, 27, 31, 48, 40]
52	[21, 24, 30, 29, 15, 33]
53	[25, 4, 48, 3]
54	[23, 5, 31, 30, 14, 22, 52]
55	[16, 49, 44, 16, 32, 20, 54, 5]
56	[4, 27, 28, 47, 51, 52]
57	[2, 43, 17, 100, 23, 4, 34, 12]
58	[42, 26, 17, 12, 30, 11, 54, 22]
59	[51, 45, 44, 46, 31, 52, 17, 19, 41, 13, 3]
6	[36, 24, 2, 41, 49, 40, 33, 13]
60	[20, 2, 23, 53, 28]
61	[36, 60, 47, 15, 54, 31, 5, 30, 19]
62	[4, 31, 22]
63	[39, 58, 13, 18, 3, 21, 59, 5, 52, 17, 46]
64	[26, 47, 31, 22]
65	[14, 21, 29, 64, 4, 22, 29, 60, 25, 59, 36]
66	[28, 37, 24, 54, 35]
67	[13, 29, 42, 17]
68	[20, 58, 19, 29, 56, 57, 10, 52, 15, 58]
69	[57, 38, 59, 12, 62, 21, 52, 38]
7	[46, 61, 67, 1, 56, 55, 32, 59, 10]
70	[19, 50, 16, 44, 39, 3, 19, 17, 41, 32]
71	[40, 52, 69, 70, 30, 6, 21, 54, 28, 51]
72	[7, 69, 47]
73	[35, 5, 32, 29, 71, 31, 53, 71, 28, 46, 24, 19]
74	[12, 23, 51, 47, 4, 63, 44, 34, 69]
75	[69, 12, 62, 28, 21, 59, 72, 51, 38, 40, 34, 50, 49]
76	[62, 35, 47, 58, 68, 51, 40, 1, 13, 62, 63]
77	[24, 63, 45, 69, 58, 47, 46]
78	[53, 61, 39, 33, 11, 74, 44]
79	[7, 43, 72, 60, 32, 25, 26, 36, 10, 55, 62, 64, 48, 22]
8	[68, 13, 73, 75, 27, 41]
80	[4, 11, 34, 100, 55, 12, 49, 24, 27]
81	[72, 33, 11, 33, 54, 29, 64, 1, 61, 22, 75, 79, 14, 80]
82	[18, 34, 31, 58, 24, 52, 43, 49, 70, 70, 16]
83	[52, 31, 33, 53, 49, 41, 69, 60, 53, 19, 33, 1]
84	[24, 80, 66, 42, 26, 49, 56, 53, 1, 66, 8, 32, 57]
85	[33, 18, 62, 11, 24, 27, 76, 8, 15, 37, 59, 69, 23, 59, 46, 60, 57, 34, 3, 63]
86	[8, 37, 12, 67, 63, 78, 44, 36, 22, 6]
87	[17, 60, 81, 69, 38, 81, 70, 29, 41, 57, 74, 21, 58, 17]
88	[24, 70, 1, 38, 49, 26, 66, 29, 49]
89	[77, 14, 11, 38, 74, 49, 7, 66, 28, 33, 37, 51]
9	[72, 20, 14, 31, 79, 41, 30, 19, 61, 34, 63]
90	[7, 28, 59, 58, 36, 68, 73, 15, 84]
91	[72, 10, 46, 38, 45, 46, 49, 34, 58, 51]
92	[40, 89, 35, 14, 73, 82, 62, 88, 74, 12, 51, 44, 56, 57, 84, 47]
93	[34, 51, 87, 88, 91, 32, 70, 29, 31, 2, 66, 57, 56, 20, 69, 42]
94	[82, 47, 34, 10, 42, 58, 29, 5, 55, 71, 26, 39]
95	[74, 39, 54, 15, 88, 41, 56, 36, 6, 75, 94, 69, 70, 1]
96	[21, 4, 65, 39, 83, 78, 33, 65, 59, 34, 35, 85, 71, 6]
97	[24, 16, 93, 3, 30, 87, 81, 68, 43, 63, 16, 79, 39, 21, 29, 41, 47]
98	[80, 82, 1, 96, 42, 73, 80, 24, 30, 14]
99	[11, 93, 23, 25, 19, 86, 94, 27, 20, 46, 29, 82, 23, 87, 21, 93]
